First 500 examples - class1; next 500 examples - class 2 and the last 700 examples - class3.
0.675839 -0.221109 
-0.544258 -0.513276 
0.522613 -0.499236 
0.490090 -0.346473 
0.503470 -0.432488 
0.606569 -0.143063 
-0.507774 -0.543210 
-0.660941 -0.149509 
0.690794 -0.006358 
-0.648933 -0.273169 
0.179831 -0.610282 
-0.028307 -0.736441 
0.578503 -0.153716 
-0.457874 -0.421104 
-0.258469 -0.601992 
-0.228024 -0.606789 
0.592492 -0.451674 
-0.600246 -0.224726 
-0.212449 -0.713224 
0.257251 -0.547049 
0.003279 -0.663010 
-0.602401 -0.250189 
0.214823 -0.604513 
-0.559074 -0.258698 
-0.396174 -0.570492 
-0.205149 -0.638187 
-0.166679 -0.626752 
-0.405693 -0.630479 
-0.112603 -0.730596 
0.141431 -0.689033 
0.678343 -0.085863 
-0.331533 -0.627022 
0.631037 -0.207147 
-0.688902 -0.022240 
0.691443 -0.083345 
0.123810 -0.576681 
0.601411 -0.296207 
-0.153059 -0.621831 
-0.163866 -0.605984 
-0.355306 -0.478608 
-0.421807 -0.518605 
0.510532 -0.439750 
0.523659 -0.406338 
-0.014305 -0.600948 
0.051144 -0.685613 
0.111144 -0.660613 
-0.460303 -0.529070 
0.059607 -0.685598 
0.598946 -0.384541 
0.641697 -0.364000 
0.619409 -0.337012 
-0.586247 -0.221174 
-0.543710 -0.301484 
-0.616964 -0.066291 
-0.522818 -0.345207 
-0.585685 -0.278288 
0.359053 -0.571160 
0.384272 -0.477218 
0.655388 -0.074647 
0.589446 -0.073293 
0.095469 -0.635980 
-0.442771 -0.591430 
0.645758 -0.050463 
0.224144 -0.693308 
-0.597113 -0.030097 
0.667886 -0.317393 
0.169638 -0.727226 
0.163602 -0.675287 
0.384556 -0.634395 
0.135000 -0.599901 
-0.599450 -0.431387 
0.575086 -0.149186 
0.713588 -0.073622 
0.636656 -0.255234 
0.374576 -0.469498 
0.583201 -0.139659 
-0.188787 -0.701158 
-0.524046 -0.463943 
0.457073 -0.387033 
-0.705319 -0.079903 
0.570623 -0.157816 
-0.632448 -0.176070 
0.667284 -0.190006 
-0.027581 -0.632971 
0.340602 -0.612124 
-0.216434 -0.619663 
-0.451314 -0.578331 
-0.402672 -0.532878 
-0.608477 -0.037126 
-0.267464 -0.634350 
0.623403 -0.071622 
0.150337 -0.567771 
-0.603906 -0.241890 
0.227380 -0.632676 
-0.227999 -0.572752 
0.483611 -0.316547 
0.078562 -0.631139 
-0.209811 -0.552154 
0.106353 -0.676914 
-0.062960 -0.679481 
-0.049312 -0.683481 
-0.653656 -0.046968 
0.141188 -0.652846 
0.068160 -0.699952 
0.286697 -0.688109 
-0.549345 -0.370567 
-0.095862 -0.726198 
-0.575681 -0.449372 
0.579363 -0.175700 
0.676766 -0.236733 
0.447574 -0.476493 
-0.228884 -0.645270 
0.432275 -0.586420 
-0.635845 -0.110129 
-0.677398 -0.071310 
-0.193078 -0.708349 
-0.743292 -0.032324 
0.725859 -0.031429 
-0.570297 -0.099766 
0.199217 -0.666848 
-0.607854 -0.214922 
-0.353708 -0.624934 
-0.724159 -0.182068 
-0.424849 -0.534222 
-0.649410 -0.215404 
0.526180 -0.476864 
0.385771 -0.470882 
-0.706924 -0.077417 
-0.346796 -0.557724 
0.706167 -0.021998 
0.230855 -0.650723 
0.131947 -0.707313 
0.624397 -0.172188 
0.258192 -0.657030 
-0.141455 -0.627656 
-0.637022 -0.093266 
0.068063 -0.703497 
-0.328643 -0.587480 
0.243765 -0.688174 
0.015407 -0.683021 
0.264331 -0.667536 
-0.258733 -0.576659 
0.584070 -0.046821 
-0.278974 -0.551102 
-0.714382 -0.195981 
0.487654 -0.425593 
-0.404602 -0.564801 
0.158691 -0.646674 
-0.020435 -0.674307 
-0.380634 -0.603567 
-0.007316 -0.598848 
0.440686 -0.550282 
-0.125069 -0.687010 
-0.490953 -0.327653 
0.199086 -0.641665 
0.524394 -0.242636 
-0.427333 -0.567817 
0.364610 -0.547910 
0.517544 -0.362129 
0.428744 -0.451338 
0.487918 -0.502717 
-0.264082 -0.602789 
-0.265122 -0.665196 
0.487580 -0.559373 
-0.441408 -0.589506 
0.529217 -0.234806 
0.007831 -0.712804 
0.472948 -0.363553 
-0.068925 -0.581335 
-0.283438 -0.691230 
0.572910 -0.175070 
0.641972 -0.006686 
0.488698 -0.481104 
-0.650675 -0.258777 
0.518148 -0.329943 
0.656289 -0.351939 
0.526655 -0.514471 
0.586966 -0.184033 
-0.210195 -0.703179 
0.247988 -0.586833 
0.266271 -0.645855 
0.604587 -0.228053 
0.639127 -0.209887 
-0.249243 -0.707342 
-0.065945 -0.709803 
0.331423 -0.472020 
0.270994 -0.683292 
0.684203 -0.089035 
0.378402 -0.445717 
0.482759 -0.426462 
-0.287438 -0.566466 
-0.001837 -0.644103 
-0.522223 -0.466797 
0.440520 -0.586495 
0.479351 -0.359952 
0.243341 -0.570728 
-0.022298 -0.683360 
0.189458 -0.651578 
0.576259 -0.187631 
0.375692 -0.521583 
0.142042 -0.672802 
-0.352780 -0.464985 
0.468071 -0.357069 
-0.213674 -0.700323 
-0.698729 -0.129820 
-0.194016 -0.644091 
0.628713 -0.293853 
0.565856 -0.489347 
-0.570241 -0.464187 
-0.577587 -0.260992 
-0.388329 -0.546173 
0.032328 -0.635916 
-0.332704 -0.507522 
0.617505 -0.348395 
0.583863 -0.248248 
-0.045694 -0.656957 
0.602429 -0.040759 
-0.443783 -0.378085 
-0.309665 -0.541644 
-0.591695 -0.075841 
0.591355 -0.203082 
-0.230547 -0.555836 
-0.618139 -0.051903 
-0.413663 -0.506386 
-0.087071 -0.636108 
-0.517139 -0.253603 
-0.616941 -0.166626 
-0.600040 -0.173321 
-0.273981 -0.607129 
0.541903 -0.341519 
0.087784 -0.630126 
0.287635 -0.616538 
0.609530 -0.108803 
0.149794 -0.684786 
0.013433 -0.660238 
-0.596145 -0.444868 
-0.620112 -0.226194 
0.621177 -0.186666 
-0.539907 -0.311203 
0.599978 -0.087725 
-0.597932 -0.089677 
-0.420214 -0.600244 
-0.411669 -0.533120 
-0.610591 -0.082411 
0.721554 -0.010556 
0.393790 -0.632873 
-0.587378 -0.368944 
-0.495555 -0.544853 
-0.123217 -0.667517 
-0.479353 -0.385308 
-0.145154 -0.712651 
-0.678674 -0.151398 
-0.167814 -0.649428 
-0.329959 -0.621738 
-0.579372 -0.275816 
0.559242 -0.472106 
0.537404 -0.451111 
0.288235 -0.604448 
0.635740 -0.086171 
-0.188867 -0.719350 
0.112333 -0.633853 
0.555766 -0.240171 
-0.646905 -0.011291 
-0.590544 -0.177657 
0.352608 -0.617808 
0.269239 -0.697922 
-0.586530 -0.349361 
-0.371785 -0.576391 
0.471692 -0.446460 
-0.266730 -0.558892 
-0.502174 -0.470987 
-0.548708 -0.458694 
-0.682012 -0.301615 
0.608927 -0.239489 
-0.628803 -0.332300 
-0.564262 -0.240219 
0.040307 -0.608902 
0.663421 -0.295977 
0.103220 -0.729966 
0.629866 -0.120312 
-0.143760 -0.702574 
0.396039 -0.445242 
-0.570433 -0.252564 
0.613135 -0.024828 
0.712531 -0.146209 
0.623696 -0.048073 
-0.529914 -0.272164 
-0.578438 -0.314466 
0.633145 -0.349892 
-0.618807 -0.404423 
-0.370628 -0.460925 
-0.293926 -0.591770 
0.054013 -0.684018 
-0.591934 -0.258041 
0.487882 -0.520798 
0.596796 -0.334052 
-0.584509 -0.128505 
0.535050 -0.481670 
-0.547845 -0.367057 
-0.715699 -0.088174 
-0.458578 -0.419081 
-0.456878 -0.511319 
0.601598 -0.208334 
0.504042 -0.425335 
0.619345 -0.171448 
0.686388 -0.082009 
0.398797 -0.477622 
-0.667152 -0.084498 
-0.656176 -0.025095 
0.501333 -0.302551 
-0.180539 -0.572523 
0.176675 -0.642060 
0.048927 -0.682597 
-0.488483 -0.388315 
0.270309 -0.610827 
-0.596558 -0.167325 
0.408973 -0.499432 
-0.634323 -0.395100 
0.353550 -0.456813 
-0.642500 -0.384738 
-0.259561 -0.700600 
0.098150 -0.661651 
0.513711 -0.493364 
-0.091711 -0.617874 
-0.267870 -0.521536 
0.623382 -0.195033 
-0.058347 -0.636058 
-0.104430 -0.727241 
-0.723407 -0.014122 
0.330938 -0.585902 
-0.488275 -0.512888 
-0.581670 -0.014491 
0.683310 -0.203852 
-0.208368 -0.635467 
-0.024231 -0.678685 
0.483420 -0.350482 
-0.595668 -0.029726 
0.593633 -0.116411 
0.475621 -0.393211 
-0.138027 -0.670183 
-0.463433 -0.352961 
0.661636 -0.218736 
-0.043454 -0.725683 
-0.642778 -0.290799 
0.317531 -0.496915 
0.382373 -0.454335 
0.485186 -0.331741 
0.476021 -0.525420 
0.687129 -0.259815 
0.547624 -0.401188 
0.572757 -0.180758 
0.132224 -0.619179 
0.496604 -0.325560 
0.472569 -0.561019 
0.422702 -0.438477 
0.705763 -0.214800 
-0.123045 -0.621321 
-0.138347 -0.572272 
0.411058 -0.543048 
0.177737 -0.680144 
-0.596372 -0.090212 
0.089917 -0.584231 
0.588315 -0.257027 
0.073220 -0.661207 
0.205264 -0.690147 
0.556830 -0.464502 
0.375184 -0.542145 
-0.666616 -0.304299 
0.622928 -0.136806 
-0.185820 -0.590590 
0.363596 -0.446511 
0.682114 -0.186438 
-0.161164 -0.594153 
0.640988 -0.070585 
-0.732306 -0.043731 
0.019454 -0.575699 
0.393309 -0.478440 
-0.709569 -0.095518 
0.475851 -0.577436 
-0.627214 -0.364536 
0.193003 -0.554747 
-0.584773 -0.064592 
0.645367 -0.182902 
-0.424899 -0.582058 
-0.322922 -0.577558 
-0.570339 -0.207982 
-0.696189 -0.028183 
0.587276 -0.416399 
-0.731094 -0.029319 
0.344823 -0.497897 
-0.704219 -0.042388 
0.441621 -0.426455 
-0.624896 -0.382947 
0.435242 -0.607940 
0.103077 -0.599028 
0.603164 -0.270419 
0.053082 -0.684200 
0.545632 -0.402793 
-0.653582 -0.208836 
0.626775 -0.099687 
-0.678594 -0.114222 
-0.517340 -0.416591 
-0.541945 -0.380682 
-0.395334 -0.479849 
-0.659953 -0.188242 
0.142868 -0.656905 
0.674221 -0.125488 
0.174403 -0.674130 
0.650065 -0.263271 
0.575006 -0.127581 
0.638865 -0.380750 
-0.636671 -0.376063 
-0.116401 -0.599656 
0.522686 -0.512729 
0.133985 -0.589973 
-0.568258 -0.148438 
0.557172 -0.149675 
0.304235 -0.640420 
-0.531251 -0.414818 
0.029637 -0.654218 
0.354065 -0.571326 
-0.577723 -0.063477 
-0.484932 -0.541588 
0.133987 -0.734465 
0.043828 -0.583761 
-0.303098 -0.559739 
0.008086 -0.581587 
0.320076 -0.484415 
-0.172335 -0.688947 
-0.613630 -0.110541 
0.198573 -0.650074 
0.706425 -0.168242 
-0.594378 -0.138128 
-0.677160 -0.074882 
0.478278 -0.361156 
-0.488269 -0.391182 
0.470687 -0.458816 
0.044403 -0.725390 
0.013817 -0.685268 
-0.540239 -0.439219 
-0.523725 -0.383554 
0.045623 -0.630058 
-0.376287 -0.645507 
-0.158279 -0.600349 
-0.622462 -0.203005 
0.310851 -0.633837 
-0.503039 -0.297451 
0.558335 -0.164491 
-0.319668 -0.642348 
0.102482 -0.589387 
-0.463761 -0.380712 
-0.590359 -0.219329 
0.665609 -0.136162 
-0.308613 -0.554558 
0.676207 -0.185146 
-0.346869 -0.524935 
0.713873 -0.228369 
-0.720973 -0.154287 
0.102202 -0.681592 
0.359250 -0.502452 
0.221243 -0.620689 
-0.393064 -0.424125 
0.317387 -0.587095 
0.679103 -0.018430 
0.632507 -0.116063 
0.322941 -0.650184 
0.123005 -0.723116 
0.426218 -0.439478 
0.019614 -0.677378 
0.181999 -0.658464 
-0.318891 -0.663586 
0.367053 -0.546458 
-0.231468 -0.579275 
0.180495 -0.586851 
0.733062 -0.062772 
-0.616606 -0.380919 
0.697909 -0.133730 
-0.280242 -0.613953 
0.639414 -0.019893 
0.250209 -0.629907 
0.502433 -0.510605 
-0.737518 -0.009378 
0.150834 -0.679198 
-0.499561 -0.353984 
-0.701318 -0.102027 
-0.685242 -0.074955 
0.693380 -0.158465 
-0.150800 -0.561804 
-0.303473 -0.494482 
0.574958 -0.139807 
0.556307 -0.203695 
0.428174 -0.563763 
0.594592 -0.447998 
0.395603 -0.446169 
-0.069877 -0.745238 
-0.117916 -0.676176 
-0.238279 -0.595109 
-0.532754 -0.237198 
0.298978 -0.544214 
0.621544 -0.168942 
1.158298 0.613937 
1.377077 0.058263 
-1.044622 -1.055630 
1.118368 0.455610 
0.700170 1.329269 
1.522522 0.395424 
-1.378594 0.678167 
0.743791 -1.086453 
-0.446414 1.170552 
1.201436 -0.316720 
1.615906 -0.048983 
1.310533 0.015184 
-1.056910 0.707426 
-1.353739 -0.322331 
1.066470 -1.149703 
1.205125 -0.191556 
-0.983052 -1.220983 
0.682635 -1.072802 
-0.775571 1.133638 
1.378794 -0.622779 
1.124880 0.690403 
-0.936049 -0.757273 
1.212461 -0.917471 
0.693536 1.436877 
-1.431213 0.174013 
1.312601 0.264383 
1.222481 -0.647968 
0.656274 1.455484 
0.533069 -1.407356 
0.407830 -1.510851 
0.801234 1.057348 
-1.363510 -0.192058 
0.925341 1.193548 
0.738731 1.284941 
-1.066648 0.930361 
1.257295 -0.060014 
0.077775 1.584052 
-1.089287 0.669074 
-0.554214 -1.530613 
1.115457 -0.668662 
1.553719 -0.246210 
0.620070 -1.444528 
-0.754033 -0.855466 
-0.113432 1.233137 
0.672538 -1.173943 
1.299590 0.463617 
-0.790783 -0.946571 
1.052465 -0.641086 
-1.352471 0.786884 
0.388473 1.307222 
-0.936048 1.106560 
0.256955 -1.380845 
1.289922 -0.659516 
-1.177928 -0.292688 
-1.542730 -0.324518 
-1.092329 0.915824 
1.432467 -0.605514 
-1.397045 -0.646001 
0.302152 -1.588069 
-0.394530 -1.469159 
-0.804411 1.313649 
-0.572295 1.402650 
-1.171221 0.076281 
0.895579 -1.127549 
1.228961 -0.689415 
0.970547 -0.991841 
0.142495 1.429976 
-1.548837 -0.466518 
-0.057147 1.434304 
0.487990 1.493119 
-0.314321 1.411255 
1.141103 -0.491557 
0.110337 1.413362 
-1.057893 0.544633 
-0.678069 -0.971865 
0.963416 -0.859705 
-1.032011 0.814465 
0.811361 -1.395253 
-1.391361 0.756611 
-0.712099 0.917972 
1.265720 0.864851 
0.382438 1.086188 
0.304842 1.215765 
-0.637636 1.094833 
-1.504054 0.500799 
-0.366803 -1.307525 
0.371096 1.306304 
-1.151454 -0.846058 
-1.193743 -0.759871 
-0.063642 1.345466 
0.517769 1.435336 
-0.999337 -0.677758 
1.291465 0.135628 
1.504609 -0.536261 
0.267959 -1.481032 
1.381619 -0.612558 
0.368468 -1.501628 
0.369087 -1.208332 
0.907350 -1.071445 
1.196141 -0.170341 
1.498396 -0.444134 
-1.017706 0.521298 
-0.571183 -1.411860 
0.311704 1.477279 
0.087008 -1.469913 
-0.497480 1.049757 
-1.076787 0.744852 
0.480273 1.059077 
0.218225 1.237836 
1.073962 1.187230 
-0.016841 1.285646 
0.979829 -1.237109 
-1.077346 -1.143602 
-0.899112 0.826428 
-1.364580 0.132359 
1.047283 -0.781349 
-0.925750 0.837313 
-0.709603 0.972076 
1.518203 -0.397663 
-0.710527 -1.460909 
-0.369753 1.177287 
-0.703788 -1.330819 
-1.030544 1.030169 
-0.351508 -1.159812 
1.484819 0.583497 
-0.408226 1.479635 
1.479166 0.616193 
1.020215 -0.582597 
-1.434441 -0.755241 
-1.532843 0.224633 
1.188454 -0.369146 
1.337399 -0.039082 
-0.330754 -1.221415 
0.550809 1.153797 
1.278607 -0.157663 
0.756918 -1.369104 
-0.991812 1.163373 
-1.606885 0.154113 
0.391868 1.178691 
0.575994 1.010530 
0.675280 -1.398913 
1.559105 -0.019702 
-0.005031 -1.214522 
-1.367666 -0.675438 
-1.541365 -0.101103 
0.378483 -1.116005 
0.358782 -1.321355 
1.049857 1.194657 
0.603080 1.199003 
0.655736 -1.021771 
-1.597103 0.091528 
-0.991462 0.593907 
0.197902 -1.428984 
-1.304914 -0.869978 
1.071170 0.455590 
0.863084 1.275273 
0.636709 1.117962 
1.309981 -0.331336 
-1.396586 -0.793747 
0.775901 1.205330 
0.710025 -1.348826 
0.210400 1.251734 
-1.318921 -0.925448 
-1.070904 -1.116699 
0.987112 -0.650073 
0.501844 -1.026707 
0.554197 -1.202658 
-1.215323 -0.591072 
0.558285 1.117374 
0.764998 -1.002681 
1.345809 0.469329 
-0.417777 1.331388 
1.394305 -0.701023 
1.047201 -0.510894 
-1.181132 -0.581884 
1.099020 -1.046983 
-0.393405 -1.228882 
-0.947657 0.842132 
-1.043316 -1.019742 
1.148650 0.359816 
-1.017729 0.781454 
1.100854 0.536349 
-1.098982 0.519479 
0.177312 1.288328 
0.586023 1.408574 
-0.427630 -1.373784 
0.697592 1.326458 
-1.199899 -0.269963 
1.287558 -0.489717 
-1.116238 -0.479539 
0.480528 -1.429214 
0.421040 1.368023 
-0.956373 -1.186619 
0.746088 -1.242035 
-1.377050 0.750492 
-0.993223 0.954900 
0.070919 1.608613 
1.135035 0.338529 
1.238819 -0.252366 
0.831239 1.361357 
0.006959 -1.534907 
-0.616787 -1.431950 
0.982987 -0.823013 
1.029686 1.071480 
-1.425318 0.189955 
-1.548763 -0.109129 
0.832207 1.062098 
0.428479 1.248938 
1.257001 0.519565 
0.869217 -0.956791 
0.608423 -1.174225 
-0.985350 -1.253795 
0.863699 -0.930245 
-0.483304 -1.283058 
1.562790 0.282207 
-1.183998 0.528893 
-1.404578 -0.137265 
1.292222 -0.422950 
-1.266839 0.437883 
-1.569291 -0.143370 
1.202220 -0.164421 
0.832347 -0.854360 
-1.061637 -0.468629 
0.937770 -0.878300 
-0.725879 1.141942 
-1.517028 0.028462 
1.294326 -0.068536 
-0.397322 -1.098838 
-1.406038 -0.376526 
-0.939396 0.962118 
0.322322 1.366357 
1.152629 -0.773279 
0.169956 -1.505070 
0.374461 1.391991 
1.207323 0.339120 
1.268291 -0.181438 
0.295282 -1.186845 
-1.240250 0.488544 
-1.306116 -0.604057 
1.461133 -0.166279 
-0.650437 1.264108 
0.417536 -1.194165 
-0.911208 1.206651 
-0.947274 -1.088895 
-0.576550 1.189308 
-0.826182 0.803416 
-0.639132 -1.492576 
-1.463249 -0.038365 
1.125528 1.135205 
-0.958797 0.704288 
0.621949 1.249334 
-1.330106 -0.876679 
-0.342924 1.319033 
-0.601993 -1.382470 
-1.473593 0.280147 
0.433889 1.477875 
-1.299111 0.108469 
-0.744315 1.217059 
0.027383 -1.277424 
-1.055799 -0.514999 
1.039285 1.108695 
-0.920266 -0.703677 
1.222609 -0.807314 
-1.171824 0.049497 
1.207651 0.401902 
-1.612854 -0.213503 
0.390645 1.115353 
-0.847832 1.137220 
1.296226 -0.570941 
-0.874440 -0.974841 
0.077288 1.602962 
1.415126 0.714831 
0.823601 0.895351 
-0.890655 1.335160 
-1.098253 0.469761 
1.372886 -0.834999 
0.943428 0.941104 
0.961652 -0.960008 
1.131984 0.261601 
-0.388947 1.209855 
-1.113392 0.829173 
-0.194904 1.166742 
-1.518076 0.178926 
1.078620 0.630933 
-1.073525 -0.664351 
1.245926 -0.745184 
1.134480 -0.983487 
0.319024 -1.430300 
-1.067636 0.902160 
-1.202635 -0.915544 
1.263874 0.193443 
-1.429006 -0.230589 
-1.051454 -0.546926 
0.933557 0.935329 
-1.475930 0.551424 
-1.478771 0.371893 
1.604420 -0.223514 
0.225771 -1.193556 
1.007038 0.974831 
-0.424419 1.504675 
0.331675 -1.570094 
0.717784 -0.994991 
0.172409 -1.510201 
-0.793759 -1.317251 
0.582506 1.422104 
0.729058 0.939766 
0.880926 0.869865 
1.170679 1.084196 
0.849973 -1.188831 
-1.458297 -0.528138 
1.134369 -0.155551 
0.105609 1.143057 
0.277674 1.422909 
-0.333415 -1.325129 
-1.431339 -0.408798 
0.169589 -1.394389 
0.639868 -1.188728 
-0.939661 1.204265 
-0.344598 -1.493681 
1.511441 0.219901 
-1.296857 -0.402847 
-0.360581 -1.490162 
1.325122 -0.606028 
0.961551 0.817274 
0.493743 -1.510473 
0.973664 -1.262109 
1.302673 -0.670267 
1.003955 0.780470 
1.103042 1.126507 
-0.953769 0.915721 
-1.463993 -0.014963 
-0.638770 0.967465 
-0.246676 -1.534119 
-1.591911 0.086199 
-1.355070 0.468418 
-0.032554 -1.407398 
0.420085 -1.273049 
-1.076696 -1.023359 
-0.749973 1.073663 
-1.060217 -1.071059 
1.502142 -0.312906 
-0.941922 -1.129634 
-1.152258 1.107374 
-1.540448 -0.306223 
-1.398675 0.089912 
0.616059 -1.024461 
0.982551 1.206277 
1.255034 0.339989 
-1.311265 -0.643837 
1.534405 -0.334199 
-0.485735 -1.336782 
0.036211 -1.473686 
-1.347170 -0.776122 
-1.398626 -0.821127 
-1.338648 -0.529205 
1.328656 0.819508 
-1.405394 0.648910 
-0.372308 1.529714 
-1.248565 0.295107 
-1.213341 0.044160 
1.465699 0.003688 
-0.527771 1.241250 
-1.405162 0.249000 
0.715503 -1.329394 
-1.095908 1.123634 
0.944603 1.116562 
0.330832 -1.350979 
-0.866541 0.971295 
1.173678 -0.699890 
0.132464 -1.596795 
1.406131 0.068557 
0.168394 1.588803 
1.284530 -0.899446 
-1.502829 0.483604 
0.717771 -1.033259 
-0.648564 -1.406179 
1.317826 0.314773 
0.987051 0.570732 
-0.261092 1.477344 
-1.257107 -0.617083 
1.107949 0.386847 
1.355716 -0.577956 
-0.359036 1.346640 
-0.755152 -1.093694 
1.120088 -0.791825 
-0.931245 -0.883880 
-0.242523 1.168054 
-0.601753 -1.278933 
-1.236512 0.935925 
0.697999 1.172916 
-1.509566 -0.481997 
1.046835 -0.664591 
-1.258458 0.557943 
-0.900594 -0.770446 
0.192178 1.527548 
1.525784 -0.094344 
1.336498 -0.825226 
0.912919 0.957633 
-0.936750 -1.301912 
-1.300553 0.397215 
0.370200 1.172672 
-0.056644 1.173841 
0.259800 1.538931 
1.065976 -0.874855 
-0.447814 -1.082518 
-1.414374 0.122212 
-0.954215 0.753731 
1.510449 -0.218780 
1.166912 0.463012 
1.525048 -0.179737 
-1.213833 0.835412 
0.222857 -1.130874 
1.529421 0.104041 
-0.101978 1.176374 
0.145943 1.535520 
-1.004614 0.875624 
0.536088 -1.370227 
-0.455741 -1.339010 
-1.345756 -0.642378 
-1.490772 -0.524194 
-0.212158 1.184460 
-1.280003 0.463666 
-0.822264 -1.347910 
1.007655 0.613776 
-0.842546 1.057046 
0.325529 -1.586957 
1.038895 0.947361 
1.132133 -0.592937 
-0.068449 1.308245 
1.032275 1.221679 
1.455600 -0.517077 
0.060033 1.542006 
1.223376 0.884681 
-0.871084 -1.214637 
-0.095958 -1.430050 
1.319158 0.726305 
-1.029678 0.989806 
0.519624 -1.094797 
-0.455842 1.047872 
-1.409823 0.045079 
-0.818718 0.886424 
1.156260 -0.303739 
1.510575 -0.311718 
1.275581 0.265443 
0.178172 1.595207 
1.242973 0.802139 
-0.409651 1.558005 
-1.179375 -0.003522 
-1.464901 -0.686495 
-1.273895 0.920013 
-1.309834 -0.886069 
-0.882081 0.899130 
-1.244748 0.616757 
-0.567870 -0.992104 
1.343894 0.014262 
1.313381 -0.772007 
-1.261127 -0.972160 
-1.401037 -0.095875 
-1.421121 0.042478 
1.504217 0.075385 
-0.655078 1.487430 
1.217093 0.956682 
1.069899 -0.799418 
-1.525749 -0.547552 
-0.940109 -0.867846 
-1.330921 -0.914143 
1.328303 -0.923258 
-0.754090 1.397765 
-1.190543 -0.273142 
1.330396 -0.887408 
-1.352402 -0.505864 
-1.292253 -0.457521 
0.132797 1.352409 
-1.223078 -0.543847 
-1.166274 -0.502743 
1.152868 0.773616 
0.005251 -1.393148 
1.148263 -1.027661 
-0.852603 1.023068 
0.370886 1.147197 
-0.712459 -1.114385 
1.329992 0.426331 
1.319714 -0.943203 
-1.190074 -0.525556 
0.193501 1.400249 
-0.341941 1.367738 
1.309962 -0.453870 
1.077713 0.719388 
-1.089347 0.707616 
-1.459207 -0.411083 
1.066797 -1.035059 
-0.011184 1.599188 
-1.579795 -0.377011 
-0.873943 1.228930 
-0.471348 1.150769 
-1.143137 -0.462945 
0.220176 1.486016 
-1.274948 0.199044 
-0.568956 1.245553 
-0.718921 1.321167 
2.224947 1.261673 
1.615975 1.661882 
0.592875 2.360452 
-1.086213 -1.816503 
-2.083724 0.572567 
-1.105330 -2.120338 
1.692823 1.865969 
2.160815 1.192021 
-0.928189 -2.063030 
-2.011130 -1.371044 
1.188976 2.196426 
-1.560384 -1.519893 
-2.411219 0.150846 
-1.048080 2.156063 
2.230529 1.090738 
-0.479843 -2.314311 
1.435744 1.960834 
-1.439072 1.735033 
1.944345 1.512199 
-2.040195 0.468046 
0.236171 2.461447 
-2.209798 -0.826004 
0.455700 2.447836 
2.246399 -0.118667 
-1.836415 1.021319 
-0.529318 2.171763 
0.281473 2.378202 
-2.209560 -0.843439 
0.534089 2.225526 
-2.176832 -0.178893 
0.102988 2.547618 
0.564844 2.167583 
-2.254066 0.260612 
2.522204 -0.014881 
-2.200413 -0.595533 
-1.902955 -1.144920 
0.791107 2.109342 
0.457356 -2.398148 
2.500362 0.169395 
-1.993416 -1.378460 
-0.486472 -2.390319 
-0.689447 -2.102004 
0.258534 -2.107432 
1.903196 1.000296 
-1.885654 -1.725230 
-0.173527 -2.449734 
-0.631945 -2.168181 
1.881905 1.424408 
0.844028 -2.226067 
-1.556685 1.432531 
1.574222 1.450032 
-2.024197 -1.058723 
2.017049 -0.884109 
-2.000435 0.586649 
-2.297167 -0.297529 
-1.597008 -1.971076 
1.700626 1.812379 
2.161387 1.045692 
2.244178 1.191879 
-0.574482 -2.299833 
2.044051 1.215786 
-1.903402 -0.959704 
-2.473209 0.229211 
-0.682404 -2.242352 
0.906553 -1.935546 
1.806749 1.497619 
-0.503426 -2.149608 
-2.265464 -0.930211 
0.879122 -2.343500 
-2.284945 0.374022 
-2.289032 0.266687 
0.317048 2.178382 
1.306300 -1.646867 
-0.376389 2.482610 
1.595450 1.673990 
1.448695 1.920534 
2.220774 -0.734134 
1.005275 2.346095 
-0.723762 -2.063351 
-2.298136 -0.596503 
2.031427 1.377231 
0.673212 -2.182119 
-1.973718 1.506059 
-1.241873 -1.822821 
-0.151245 -2.256476 
-0.425593 2.193820 
-1.694406 1.491195 
2.057817 1.418948 
1.917241 -1.099402 
0.326760 2.519445 
1.690410 1.392179 
1.874221 1.453502 
2.225254 -1.015457 
-2.134355 -1.177835 
-1.108416 2.165107 
-2.301966 -0.623403 
1.581064 -1.414690 
-0.551491 -2.150803 
1.472128 -1.638364 
-2.136329 0.698239 
-2.290563 0.358807 
1.707986 -1.734794 
0.975722 2.089346 
-1.194871 2.093018 
0.676233 -2.048296 
1.901434 -1.371343 
-2.110603 -0.288139 
-1.651350 1.650992 
-1.963860 1.268498 
1.774192 1.591393 
1.918331 -0.829172 
-2.228193 0.573216 
-2.345127 -0.010266 
2.196480 0.261835 
2.472551 0.292323 
-0.876101 -2.137833 
0.157077 -2.169966 
1.349466 -2.012668 
0.087398 -2.378397 
0.122553 2.419467 
-1.294237 -2.109183 
-0.688352 -2.397560 
-0.259185 -2.207830 
-1.147457 2.253801 
-1.775084 -1.490477 
1.905401 1.465767 
-1.384442 1.905056 
-1.539874 1.953188 
-1.019629 -1.941946 
-2.367563 -0.794067 
-1.691174 -1.724275 
0.440487 -2.508329 
0.783946 -1.943685 
2.188492 -0.555893 
-1.986258 -1.308032 
2.020107 0.724412 
2.117885 -0.387310 
-0.693966 -2.205888 
1.126663 -2.245008 
0.186279 -2.285137 
2.322467 0.384614 
0.963499 2.132717 
-1.989365 0.783975 
-1.336761 -1.862898 
1.229291 -1.762957 
-2.054068 1.484722 
-0.234039 -2.066936 
-2.091653 -1.059623 
1.937594 1.178032 
2.132894 -0.650975 
-0.952701 1.889272 
-1.824164 1.543994 
2.353212 -0.289535 
0.316612 -2.153033 
-1.391881 -2.024922 
-2.524060 -0.063254 
-0.102670 2.488667 
2.115652 -0.832062 
2.261110 -0.916767 
1.826043 -1.110227 
0.567811 2.204664 
-0.648747 -2.344449 
2.551201 0.055313 
0.584395 2.097746 
1.102460 -1.928669 
-1.777404 -1.336333 
-1.575554 1.597667 
-1.546073 1.982255 
1.573240 1.440497 
-0.935202 -1.873602 
-2.225771 0.444215 
-1.675724 -1.678039 
-1.297200 -1.931519 
-1.956321 -1.392805 
-1.956870 -1.165364 
-2.103677 0.958972 
0.402482 -2.516234 
1.882556 1.328394 
-0.893670 2.064087 
-1.396687 1.701263 
1.888193 -1.435833 
-0.273451 -2.430215 
1.657312 -1.559498 
-0.638242 2.387807 
2.091880 -1.132872 
-1.614438 -1.623462 
0.771865 -2.190450 
1.340680 1.703173 
-1.718010 1.412458 
2.418440 0.303034 
1.254279 -2.029523 
-1.939319 1.350934 
1.943706 -1.264046 
-1.642370 -1.616687 
-2.059562 0.877041 
-2.532337 0.207524 
1.522043 -1.959348 
1.199415 -1.785300 
-1.248255 1.678699 
2.141524 0.424495 
2.489100 -0.347258 
-0.270094 2.348086 
2.120487 -0.988242 
0.313414 -2.309830 
-0.302861 2.534123 
-1.830255 -1.719834 
-0.058903 -2.390163 
2.053637 -0.679628 
-2.513119 -0.399283 
-1.511537 1.676414 
0.569580 -2.277594 
-0.077607 2.196437 
2.183013 0.471212 
-0.708122 2.448605 
-2.177280 1.140353 
0.366707 2.200386 
-1.267268 2.208731 
2.440874 -0.676801 
1.161948 -2.186146 
-0.023928 -2.470617 
-2.327118 -0.761850 
-1.947656 1.412772 
2.126740 0.114629 
-2.321541 -0.935633 
0.271104 2.172719 
-2.245986 0.613482 
-1.946800 -0.963478 
-1.114763 -2.005109 
-1.512851 -1.683898 
0.500991 2.131690 
0.084304 -2.222254 
0.126200 2.218280 
-2.143388 -0.586548 
1.982966 1.595226 
-0.772969 1.944794 
-2.367573 0.627990 
1.766158 1.721076 
-0.470441 2.304437 
1.160333 -1.934745 
-0.856073 -2.153861 
2.131765 -1.037668 
2.107420 1.040975 
-2.154084 -0.595151 
1.975537 1.548631 
-2.175495 -1.257250 
1.855366 -1.720954 
2.100561 -0.862816 
-2.321265 -0.065254 
-1.211081 1.826044 
-2.245375 -1.197797 
1.871500 -1.593514 
-1.598883 1.710106 
-1.462017 1.795550 
-2.237896 -0.721290 
1.054242 1.884998 
2.024770 0.579412 
-2.172517 1.066793 
1.928283 -1.353292 
0.268808 -2.397683 
-2.119163 0.212110 
-2.332874 -0.476704 
0.277897 -2.329991 
-1.856641 1.250693 
0.388997 -2.275716 
1.714497 1.712946 
1.564591 1.866977 
-0.378647 -2.190661 
0.106054 2.413753 
-0.693559 -2.371865 
-1.795914 -1.541580 
1.982448 -1.493036 
-0.347200 2.365849 
-1.086328 2.119716 
-0.214124 2.241583 
2.200739 0.933652 
-1.769142 -1.815711 
-0.932903 2.381379 
-0.683263 2.004391 
-1.186941 -1.801680 
1.876165 -1.735335 
-1.942732 -1.025051 
-2.016649 -0.755914 
-2.003637 1.534013 
-1.622517 -1.914936 
0.298723 2.393668 
1.749640 1.628316 
1.761931 1.521582 
-2.179858 -1.140358 
0.105766 2.160953 
1.012060 -1.938257 
1.819848 1.574854 
-1.582478 -1.996201 
0.770533 2.369430 
0.464476 -2.259612 
-2.288331 -0.295818 
-2.044523 1.039699 
-2.005704 1.226953 
2.212817 0.959505 
-2.246463 -1.127540 
-0.782361 2.423300 
1.192067 1.958495 
-1.406088 1.690484 
-1.842066 1.525803 
0.847051 -2.078394 
2.281743 0.358256 
1.111866 1.962905 
-0.595133 -2.049595 
1.426537 -2.000072 
-0.837389 -2.015967 
-1.373187 -2.107185 
-0.569851 2.064373 
-0.749080 1.972101 
2.051708 0.784695 
-1.441172 1.717090 
1.444334 1.607783 
1.278578 -1.883429 
-2.386865 -0.882784 
0.891996 -2.358890 
-2.214877 -0.439085 
-2.175568 -0.180480 
0.782946 2.192145 
-1.908557 -1.416980 
2.036480 1.347387 
1.156914 -2.103085 
1.003500 1.849380 
-1.426856 1.719328 
2.319582 -0.070146 
1.485621 -1.911680 
0.773159 -2.341137 
-0.576185 -2.479700 
2.401834 0.827234 
0.885263 2.260349 
-1.981821 0.720387 
-1.623184 -1.576744 
0.958765 -1.973771 
2.274939 -0.345078 
1.269182 1.908310 
0.388348 -2.332139 
-0.764239 -2.305513 
2.222025 1.079329 
-0.829244 -1.925382 
1.854145 -1.449829 
2.100981 -0.210927 
2.046076 1.246851 
-0.862732 -2.295935 
-0.203911 -2.313623 
2.048626 0.999515 
-0.387275 2.523334 
-1.615278 -1.960975 
-1.065252 1.970060 
1.598598 1.801264 
-0.393397 -2.331676 
2.039560 -1.126926 
0.979659 1.994430 
-1.803046 -1.252230 
-0.813150 2.324187 
-0.605332 -2.223998 
2.434532 -0.010239 
2.427464 0.103535 
0.627348 2.054699 
0.503324 -2.101511 
-2.220936 0.001780 
1.304579 2.181091 
2.217104 -0.159091 
-2.216457 -0.712640 
-2.391192 -0.725434 
-0.432895 -2.277821 
-2.261633 -1.011708 
2.168698 -0.736834 
-0.652713 2.156498 
2.058672 1.058823 
0.117989 -2.372640 
-1.671834 -1.891810 
2.471977 0.001748 
0.849506 2.397128 
-1.795457 1.540651 
-2.311340 0.142325 
1.973363 -1.587279 
-1.780937 1.460757 
-2.227495 0.871359 
-2.509005 0.172248 
-1.763753 -1.531750 
-0.616410 2.202658 
1.989423 0.796086 
0.248469 2.069308 
-2.041329 -1.356022 
-2.506066 0.210666 
-0.080481 2.080782 
1.841947 1.242343 
-0.033531 -2.194094 
0.206637 -2.321870 
-1.844772 -1.001228 
0.893616 1.974530 
2.314332 -0.229583 
1.786193 1.448442 
-0.654184 2.060447 
1.664501 -1.428820 
0.442405 2.452423 
1.540132 1.545912 
-1.753065 1.222588 
-1.763233 1.159212 
1.760477 -1.139814 
0.316495 2.231518 
-2.476688 -0.169048 
1.928022 1.616645 
2.210106 0.558050 
-1.359584 1.648502 
2.061092 0.474156 
0.013317 2.427080 
-1.251521 2.052379 
-1.483564 -1.883632 
-1.140635 1.750637 
-1.125504 -2.083372 
1.727267 -1.792177 
-2.420176 0.614005 
1.395516 1.568618 
2.160381 0.916224 
1.637641 -1.506283 
2.017767 1.151148 
0.442762 -2.502509 
-1.669712 1.839985 
-0.319517 2.183927 
-2.410771 0.217078 
-1.677799 1.901942 
-2.253146 -1.188582 
0.924747 2.351608 
-0.050479 -2.261754 
-0.886098 1.995763 
0.847587 2.340971 
1.764380 1.246238 
0.348564 -2.107074 
0.168801 2.521986 
0.383722 2.351055 
-1.408710 -1.567961 
-2.287572 -0.762860 
2.074211 -0.244519 
-1.887352 -1.396937 
1.276680 -1.951938 
1.971939 1.106417 
2.312034 0.180325 
-0.852050 -2.315069 
-0.017621 2.163114 
-2.076629 -0.630528 
0.439607 -2.052616 
-1.528718 1.714442 
-2.290105 -0.179259 
-1.517870 1.816838 
-0.632254 -2.151395 
-2.109717 0.416670 
0.437560 2.053533 
2.275775 -0.107596 
1.612127 1.447736 
1.268278 -1.970883 
-1.670739 -1.625875 
0.876576 2.213350 
-1.454688 1.773407 
2.001539 -0.897284 
1.714451 1.554444 
1.389490 -1.608970 
-1.122491 -2.099965 
-0.672611 2.421290 
-2.018742 -0.936871 
-0.582250 -2.017177 
2.023918 -0.757682 
0.065845 -2.418054 
2.409112 0.677579 
0.557985 2.411244 
-1.504116 1.656456 
0.781142 2.214889 
1.045821 1.836203 
-1.979198 1.558726 
2.501777 0.327477 
0.463434 -2.042752 
-1.892343 1.473327 
1.657994 -1.881190 
-1.325304 1.790973 
2.275400 0.645218 
-1.106775 -2.025044 
-2.178782 -0.212727 
1.782610 -1.325797 
-0.681017 2.441939 
-2.135955 0.574431 
1.082172 1.796796 
2.161951 -0.584970 
1.964280 1.299777 
-1.997478 -0.710199 
1.908230 1.681365 
-1.203659 1.895075 
1.162963 -2.207090 
-2.048467 -0.756277 
-0.695783 -2.132044 
1.316712 1.672046 
-1.373681 -1.887796 
1.503849 1.665760 
1.725095 -1.657775 
-1.404164 -2.045563 
1.095292 -2.152485 
-0.412428 -2.510479 
-2.333104 0.770658 
1.372798 -1.931681 
-2.192629 0.712338 
-1.422678 -1.597043 
-0.436997 2.118311 
1.192193 -1.875361 
0.037478 2.416251 
-1.734027 -1.168501 
1.020572 -2.118062 
-1.670839 1.821661 
2.440274 0.734526 
2.028463 0.757716 
-0.796233 -1.990265 
0.122308 -2.088851 
-1.860335 -1.520625 
-0.486503 2.391001 
2.277167 -0.124720 
-1.456281 -1.594820 
-1.757958 -1.666374 
-2.220330 -0.536150 
1.370375 -1.757725 
-2.305212 0.353086 
-0.877368 2.219939 
-2.022581 -0.868872 
-1.366090 -2.158001 
0.668468 2.113435 
2.017888 -0.787990 
-1.473894 -1.691026 
-0.963793 -1.981976 
-2.412928 0.367563 
-0.220241 -2.300876 
2.218886 0.815166 
1.449509 -1.570828 
0.563606 2.076687 
-1.885112 1.134767 
1.578823 1.426894 
1.850187 -1.687791 
-1.186004 -2.232220 
2.167229 1.250046 
-1.472181 1.565185 
1.212750 -1.756500 
-0.260182 2.065733 
2.311828 0.667449 
-0.398547 2.270514 
0.512448 -2.256196 
-2.350094 0.669919 
-0.434677 -2.253159 
2.483891 0.361042 
2.154600 1.229053 
0.101129 2.237700 
-2.240163 0.522584 
1.707435 1.526907 
0.157519 2.546308 
-2.405902 -0.639940 
1.727507 1.760545 
-1.306956 1.848494 
1.079035 -1.941655 
-1.131057 -1.810842 
-1.977842 1.451870 
-2.104750 0.832707 
-1.433985 -2.031049 
-2.207076 0.855592 
-0.734973 2.409941 
0.183561 2.330265 
1.754740 1.674284 
-0.691122 2.421729 
-1.710186 1.483993 
-2.476529 0.324281 
1.669727 -1.546860 
-2.544836 -0.108668 
-2.240272 -0.831009 
1.597397 -1.516014 
1.954447 1.469923 
1.602073 1.724172 
1.508277 1.727512 
1.351681 2.085125 
0.948382 -2.266979 
-1.759945 -1.312389 
-0.324340 -2.258985 
-2.292562 1.101552 
-2.271360 0.348362 
1.064912 2.270133 
-1.697702 -1.631454 
-0.156353 -2.309924 
2.388704 -0.244675 
-0.981232 -2.272966 
2.261655 0.313543 
1.294308 -1.794165 
-1.201426 -2.070837 
-2.304926 0.475739 
-2.390170 -0.221519 
-2.279671 0.132162 
0.458376 2.133004 
-1.383384 1.709652 
1.071946 -2.067638 
0.376451 -2.092763 
1.810338 1.401583 
2.043409 0.454139 
1.678447 -1.432752 
-1.706434 1.759519 
1.786051 1.364292 
0.930352 -2.019051 
-2.091627 -0.715261 
2.119819 1.262558 
0.471686 -2.122893 
1.664260 1.290268 
-2.131963 -0.094978 
0.888266 -2.194188 
2.151366 0.687116 
-1.875648 1.481807 
1.350826 -1.721299 
-1.260640 2.107636 
-1.014028 2.130338 
-2.149949 1.030990 
0.325502 2.516999 
-2.060631 0.327745 
1.438053 2.056914 
-1.774615 -1.842344 
2.243136 -0.946580 
-1.349363 1.751203 
-1.980173 -1.200900 
-1.424253 1.593077 
2.466861 0.313747 
-2.422642 -0.030781 
-1.805488 -1.341964 
2.375663 0.842277 
-1.232360 1.862174 
2.140332 0.414372 
2.038699 -1.123491 
-0.520381 2.501358 
0.455978 -2.069719 
1.572071 -1.853775 
-1.021447 -2.197843 
-1.678312 -1.391353 
1.862596 1.665958 
-2.490648 0.037888 
2.150500 -0.732314 
2.294276 0.837695 
-1.718434 1.315564 
2.027517 -1.274018 
2.077977 0.364998 
2.368762 -0.352851 
-1.240264 1.978090 
-0.502203 -2.507494 
2.277274 0.077867 
0.105849 2.420322 
0.961806 -2.051786 
-0.571838 2.029265 
0.968526 2.327742 
2.315981 0.916263 
2.394492 0.864337 
1.317156 2.054519 
-2.216787 -0.834926 
0.339443 -2.225392 
2.216532 0.459154 
-1.018139 1.958797 
-2.183623 0.250797 
2.220572 -1.252322 
0.640036 2.143784 
-1.112141 1.848847 
-0.256142 2.091183 
0.333095 -2.079088 
1.699106 -1.568714 
-1.581039 -1.752422 
-1.416459 1.596282 
-1.449134 1.970357 
2.073480 0.881601 
2.380112 -0.287364 
0.990318 2.267390 
2.465541 -0.391325 
-1.517114 -1.996263 
-1.909435 -1.508319 
-2.091479 0.985843 
-1.148598 -1.816589 
0.161274 2.164447 
-2.337523 -0.567969 
-1.102357 1.891853 
-1.358732 -2.086712 
2.497636 0.501650 
-1.771625 -1.283108 
-0.681916 -2.282945 
-2.186056 1.022163 
-1.952890 -1.088348 
-0.450284 2.305479 
1.152909 -1.737008 
-1.467164 1.738706 
-0.771681 -2.191252 
-0.184782 -2.475912 
-2.089560 0.448583 
-1.379291 1.986562 
1.820665 1.768129 
-2.451716 -0.206012 
-1.662400 1.921582 
-1.832040 -1.155121 
2.130049 0.308265 
-0.185888 2.392820 
-0.260625 -2.334150 
2.046232 -0.788297 
-0.700818 2.282566 
0.420225 2.293400 
0.785933 -2.126691 
0.380529 -2.442912 
