First 500 examples - class1; next 500 examples - class 2 and the last 500 examples - class3.
-2.805403 0.479090 
-2.863374 0.540135 
-1.844841 0.982728 
-1.289484 1.021271 
-1.056815 0.487639 
-2.501126 0.756141 
-1.911449 1.019807 
-1.581537 0.869920 
-0.720413 0.582003 
-1.753419 1.028924 
-3.226036 0.376703 
-0.830811 0.648587 
-1.722402 1.106632 
-2.672863 0.794693 
-2.847717 0.756129 
-0.563281 -0.023827 
-1.184803 0.874031 
-1.220287 0.786713 
-0.613006 0.205883 
-1.713440 1.177823 
-1.052451 0.605225 
-2.303558 1.051374 
-3.031276 0.514575 
-0.822556 0.369971 
-3.050420 0.222452 
-1.882708 1.116186 
-3.190568 0.125016 
-1.354910 0.832575 
-0.831847 0.685312 
-1.440014 0.941650 
-0.771210 0.547056 
-1.366772 0.908721 
-1.776958 0.938077 
-0.664734 0.065545 
-3.133739 -0.048659 
-3.214103 0.190118 
-2.437859 0.750204 
-0.607304 0.264297 
-1.648447 0.997196 
-1.849045 0.931083 
-1.695250 0.911766 
-1.529891 0.964672 
-1.157775 0.584040 
-3.117167 -0.121728 
-1.264401 0.737662 
-2.391898 0.922031 
-2.372596 0.901214 
-2.580045 0.766484 
-0.843531 0.537574 
-3.092102 0.376139 
-0.579620 -0.012310 
-1.006603 0.584809 
-1.812308 1.063596 
-2.654008 0.853774 
-2.560416 0.762489 
-0.728985 0.140830 
-3.338368 -0.103219 
-2.355774 0.770053 
-0.974707 0.592792 
-0.609583 0.030273 
-3.205454 -0.206699 
-1.130266 0.895766 
-0.501454 0.098663 
-2.148897 0.862322 
-3.258373 0.204300 
-1.638876 0.867822 
-0.429883 -0.019549 
-1.301780 0.793057 
-0.657928 -0.212608 
-2.509609 0.899367 
-2.546523 0.976473 
-2.031741 1.095768 
-0.714628 -0.263359 
-0.621818 0.226759 
-2.540907 0.821444 
-2.670921 0.612224 
-1.104252 0.823317 
-0.642519 -0.115330 
-0.504415 0.217265 
-1.168050 0.861128 
-0.808838 0.314307 
-2.522680 0.719809 
-2.613465 0.714320 
-1.376798 0.967391 
-2.248514 1.050419 
-2.979662 0.719253 
-3.155948 -0.276873 
-1.415893 0.941645 
-0.799849 0.547540 
-1.728409 0.935572 
-0.939499 0.479452 
-3.132253 -0.182083 
-1.372216 0.788755 
-0.852633 0.484803 
-1.074762 0.766920 
-2.866331 0.392610 
-1.170178 0.610584 
-1.826611 1.044998 
-0.606554 0.174109 
-0.596870 -0.214353 
-0.624781 0.253807 
-2.904954 0.782152 
-2.337466 0.926385 
-2.784239 0.528311 
-3.194713 -0.270632 
-0.724681 0.337889 
-1.159143 0.729323 
-0.544536 -0.175340 
-1.644931 1.040722 
-1.486347 1.035379 
-3.006477 0.299496 
-2.591073 0.892651 
-2.972775 0.558718 
-3.239550 -0.173207 
-3.186085 0.240406 
-2.580227 0.885964 
-0.765298 0.069973 
-3.324843 -0.190716 
-0.680585 -0.189829 
-2.624417 0.717995 
-0.663089 0.133687 
-1.115822 0.749855 
-1.490639 0.823360 
-0.539488 0.020990 
-0.599280 -0.274876 
-3.112075 -0.219753 
-2.103763 0.930857 
-2.903793 0.462889 
-1.611691 0.985077 
-3.043656 0.404706 
-2.970203 0.651898 
-0.880406 0.618371 
-2.176139 0.929849 
-2.886562 0.499488 
-1.101591 0.751378 
-3.018918 0.076383 
-1.958615 0.932117 
-1.502937 0.936770 
-0.608348 0.170022 
-0.641699 0.399367 
-3.365333 -0.250157 
-2.912273 0.519306 
-0.643141 -0.241483 
-2.962488 0.743334 
-0.854353 0.368477 
-2.987919 0.399883 
-2.465225 0.779705 
-3.266081 0.152200 
-2.691189 0.889493 
-2.586876 0.988766 
-1.892336 0.934041 
-1.093043 0.898282 
-1.143375 0.807275 
-1.082853 0.576172 
-1.772406 0.879820 
-0.696804 -0.085140 
-2.177288 1.048314 
-0.764033 0.258456 
-2.250477 1.127167 
-1.787466 1.173718 
-0.428856 -0.210341 
-0.837664 0.202858 
-3.162296 0.094801 
-0.588959 -0.085626 
-2.599914 0.908320 
-1.353811 0.754431 
-2.505555 0.800082 
-2.657057 0.730840 
-0.728952 -0.207461 
-1.927463 0.858228 
-0.745689 0.431861 
-0.660641 0.013921 
-1.647959 0.912156 
-2.991615 0.499492 
-2.932825 0.688618 
-0.701671 0.090914 
-0.702151 0.527987 
-0.629003 -0.259158 
-1.171258 0.999000 
-1.763942 1.050049 
-0.886247 0.748004 
-0.882441 0.342899 
-2.807634 0.605376 
-0.778620 0.132071 
-2.718011 0.706900 
-0.925181 0.550149 
-3.292352 -0.059801 
-2.242873 0.999635 
-2.677355 0.680360 
-2.962194 0.531585 
-1.939038 0.925746 
-3.100386 -0.048371 
-3.290717 0.175610 
-2.726470 0.918570 
-2.558006 0.755274 
-2.420575 0.754724 
-0.930908 0.321366 
-1.953998 0.975604 
-0.631006 -0.139536 
-1.935542 0.917922 
-2.668384 0.880199 
-0.584570 -0.246048 
-0.523981 -0.235342 
-2.375945 0.805667 
-0.554822 0.336244 
-3.183906 0.013599 
-0.723178 0.549354 
-0.750395 0.422259 
-2.518952 1.007044 
-1.231871 0.743707 
-2.089832 1.165783 
-1.060643 0.942312 
-1.506805 0.911847 
-2.445341 0.884392 
-0.757742 0.522609 
-1.021340 0.645778 
-1.266233 0.684205 
-1.093995 0.768214 
-3.361930 -0.161682 
-1.534326 0.940389 
-2.245465 1.116077 
-2.786399 0.573170 
-3.258076 0.216290 
-0.856219 0.547739 
-1.955746 1.104869 
-1.249519 0.713141 
-1.683252 1.140571 
-0.865937 0.208999 
-0.514846 0.227714 
-1.900057 1.197661 
-2.966463 0.290693 
-3.149611 0.091737 
-3.110113 0.479238 
-1.706830 0.838228 
-2.770773 0.778333 
-1.011367 0.489903 
-2.942117 0.293873 
-0.909868 0.457715 
-0.812444 0.266205 
-2.334510 0.986902 
-0.415353 -0.201576 
-3.362009 0.033076 
-0.792232 0.531928 
-0.966177 0.543629 
-3.065485 0.605639 
-1.392949 0.807841 
-1.456749 0.858149 
-0.946976 0.774896 
-0.535387 -0.003183 
-3.039860 0.412315 
-1.951992 1.163840 
-0.746394 -0.122637 
-3.115685 0.513653 
-1.782977 1.146829 
-3.299412 -0.121080 
-2.259825 0.797649 
-0.426990 -0.152152 
-2.893724 0.776914 
-0.624408 -0.040451 
-0.704774 -0.295745 
-0.688247 0.012675 
-1.766740 1.054554 
-3.073297 -0.189479 
-1.042759 0.877100 
-0.688354 0.262782 
-2.738138 0.682913 
-1.134169 0.702980 
-0.583703 -0.015251 
-0.734680 0.400596 
-1.505160 1.091341 
-0.868086 0.477595 
-0.692078 0.082629 
-0.634051 0.321910 
-1.823558 0.905413 
-3.310976 0.034471 
-1.655365 0.916009 
-3.129835 0.474987 
-1.121372 0.714580 
-2.210476 0.982551 
-1.002845 0.804273 
-2.718468 0.649299 
-0.954304 0.611669 
-2.599242 0.915991 
-1.856103 0.914440 
-2.414415 0.934970 
-3.240939 -0.167056 
-0.634888 0.454074 
-0.676816 0.385574 
-2.913293 0.753854 
-0.801622 0.266352 
-1.666767 1.167509 
-1.653644 0.959571 
-2.661850 0.835998 
-2.964730 0.219011 
-0.491923 -0.060415 
-3.038601 0.195362 
-2.817071 0.507855 
-0.711632 0.349554 
-2.659808 0.828884 
-2.644422 0.752358 
-3.307077 -0.115525 
-1.210098 0.725421 
-0.457816 0.037777 
-0.450398 -0.074587 
-2.505710 0.737197 
-1.488840 0.795498 
-1.992681 0.885967 
-1.121885 0.649427 
-3.187360 0.453528 
-3.084014 -0.202915 
-1.983424 0.906833 
-2.850634 0.531738 
-0.772414 0.215691 
-2.848465 0.375876 
-3.042411 -0.121954 
-1.100140 0.821026 
-2.089384 0.991231 
-2.191676 0.859858 
-2.612376 0.900721 
-1.400792 0.774788 
-1.943263 1.003543 
-3.038274 0.178577 
-1.666950 0.920484 
-3.089658 0.099229 
-1.082161 0.748437 
-0.693324 0.053150 
-1.134681 0.783793 
-1.494850 0.785016 
-0.992003 0.764080 
-2.771966 0.744404 
-0.612621 0.320171 
-2.031325 1.183235 
-3.111802 0.193665 
-1.149759 0.946301 
-0.791791 0.490332 
-0.805485 0.329397 
-1.464275 1.076516 
-1.590634 0.858433 
-1.724646 1.083935 
-3.306111 -0.254022 
-1.155528 0.680395 
-2.309760 0.845066 
-3.181881 0.251596 
-2.542624 0.810814 
-3.238150 -0.163064 
-1.824308 1.141179 
-3.361420 -0.141718 
-1.560577 1.016960 
-0.978221 0.447631 
-0.809790 0.419140 
-2.920018 0.670682 
-1.002705 0.638198 
-0.948744 0.837500 
-2.319377 1.118696 
-1.929238 1.121578 
-0.652029 -0.030271 
-3.070886 -0.262579 
-0.713908 0.596040 
-0.994818 0.827996 
-2.690701 0.790149 
-0.778980 0.645935 
-3.010088 0.660834 
-0.579186 0.008876 
-0.770972 0.591030 
-0.903164 0.721854 
-3.165317 0.178280 
-2.195982 0.901565 
-0.699911 0.382407 
-1.321919 0.936452 
-2.771304 0.808340 
-3.220502 0.277619 
-1.830389 1.111386 
-1.419178 0.961432 
-3.067551 0.555655 
-2.340506 0.970224 
-2.543089 0.921820 
-0.634969 -0.081688 
-2.486135 0.876133 
-1.893769 0.954180 
-2.037000 1.003200 
-1.995393 1.168839 
-3.232565 -0.197790 
-2.209150 1.005885 
-3.277061 0.283435 
-1.985910 1.042013 
-3.056271 0.615792 
-0.746257 0.609035 
-2.835366 0.435210 
-0.707809 -0.229084 
-1.962798 1.067869 
-3.369646 -0.018603 
-0.985382 0.755032 
-1.530086 0.971679 
-3.057476 0.173999 
-1.967086 1.037826 
-1.269717 0.699422 
-1.098334 0.755928 
-0.664035 0.249653 
-0.900732 0.555934 
-1.728686 0.921093 
-0.603686 0.412606 
-2.936046 0.507996 
-3.222325 0.403654 
-0.854035 0.247366 
-1.389926 0.894704 
-2.182247 1.142572 
-0.685431 -0.191204 
-0.881031 0.782511 
-2.536648 0.994322 
-0.695477 0.478370 
-3.075008 0.127774 
-2.614209 0.994106 
-0.824833 0.695326 
-1.421922 1.110568 
-0.520192 -0.215322 
-2.818884 0.574330 
-1.997488 0.918606 
-2.066772 1.172526 
-0.761802 0.475412 
-2.678043 0.666266 
-3.351520 0.064971 
-1.333777 0.822016 
-3.132942 0.525934 
-1.555813 0.998266 
-2.757319 0.611532 
-3.364270 -0.178796 
-1.037543 0.733025 
-1.142777 0.828895 
-1.243707 0.946532 
-2.971715 0.171581 
-1.409441 0.789496 
-0.605899 -0.182706 
-0.918164 0.357038 
-2.280679 0.935873 
-1.927331 1.021794 
-0.858724 0.592153 
-2.324743 0.822491 
-2.410117 0.937670 
-1.324100 0.718096 
-0.597787 -0.103641 
-2.824258 0.607040 
-1.880413 0.945843 
-2.172288 1.018874 
-1.328889 0.997778 
-1.339856 0.950712 
-3.307210 0.152580 
-0.471175 -0.006015 
-0.963840 0.527624 
-1.551662 0.898448 
-2.538066 0.874000 
-2.486705 1.044319 
-2.792135 0.474330 
-2.923474 0.440405 
-2.859899 0.687966 
-0.851208 0.508145 
-0.579581 0.088697 
-0.731384 0.184322 
-1.590133 1.055217 
-1.777441 1.139738 
-0.632650 0.167251 
-0.903221 0.707683 
-0.746265 0.397621 
-3.328300 0.048438 
-1.709036 0.987024 
-2.643050 0.861224 
-3.285621 0.268009 
-0.951795 0.435442 
-0.724297 -0.194134 
-0.497577 -0.273979 
-3.041766 -0.015991 
-1.066386 0.826316 
-3.120829 0.198947 
-2.852806 0.393142 
-0.785141 0.627503 
-1.067448 0.833775 
-1.953931 1.023116 
-0.620589 0.482882 
-1.871630 1.099487 
-0.494134 -0.096120 
-1.235672 0.948676 
-3.072751 0.507736 
-2.584191 0.904754 
-1.326769 1.046793 
-2.936627 0.566066 
-0.826731 0.310935 
-3.072271 -0.299064 
-1.163690 0.713823 
-2.613374 0.818196 
-1.528336 1.140993 
-2.050470 0.910037 
-0.687484 0.191074 
-0.852399 0.724072 
-0.781495 0.218716 
-0.817563 0.280295 
-0.712268 -0.228316 
-0.591237 0.198164 
-1.866634 1.175833 
-0.633493 -0.256314 
-0.628298 0.306087 
-2.816302 0.399786 
1.757181 -0.074882 
-1.415069 -0.834518 
1.358793 -0.798014 
1.274233 -0.400829 
1.309022 -0.624469 
1.577081 0.128036 
-1.320212 -0.912346 
-1.718445 0.111277 
1.796066 0.483468 
-1.687226 -0.210239 
0.467559 -1.086733 
-0.073598 -1.414745 
1.504107 0.100338 
-1.190474 -0.594872 
-0.672019 -1.065179 
-0.592864 -1.077651 
1.540479 -0.674352 
-1.560641 -0.084289 
-0.552366 -1.354381 
0.668853 -0.922326 
0.008525 -1.223827 
-1.566243 -0.150491 
0.558539 -1.071734 
-1.453591 -0.172614 
-1.030054 -0.983281 
-0.533389 -1.159286 
-0.433365 -1.129555 
-1.054801 -1.139245 
-0.292768 -1.399551 
0.367722 -1.291486 
1.763692 0.276756 
-0.861986 -1.130256 
1.640696 -0.038581 
-1.791145 0.442175 
1.797752 0.283304 
0.321906 -0.999371 
1.563670 -0.270138 
-0.397953 -1.116761 
-0.426052 -1.075558 
-0.923797 -0.744380 
-1.096698 -0.848373 
1.327382 -0.643351 
1.361512 -0.556479 
-0.037194 -1.062465 
0.132974 -1.282594 
0.288976 -1.217594 
-1.196789 -0.875582 
0.154980 -1.282555 
1.557260 -0.499805 
1.668411 -0.446400 
1.610462 -0.376230 
-1.524242 -0.075052 
-1.413647 -0.283857 
-1.604108 0.327643 
-1.359327 -0.397538 
-1.522781 -0.223548 
0.933538 -0.985015 
0.999107 -0.740768 
1.704009 0.305919 
1.532560 0.309437 
0.248221 -1.153549 
-1.151205 -1.037719 
1.678971 0.368796 
0.582774 -1.302602 
-1.552495 0.421748 
1.736502 -0.325221 
0.441059 -1.390789 
0.425364 -1.255746 
0.999846 -1.149427 
0.351000 -1.059744 
-1.558570 -0.621606 
1.495222 0.112116 
1.855329 0.308583 
1.655304 -0.163608 
0.973898 -0.720694 
1.516323 0.136885 
-0.490846 -1.323011 
-1.362520 -0.706252 
1.188390 -0.506286 
-1.833831 0.292252 
1.483619 0.089678 
-1.644364 0.042218 
1.734938 0.005983 
-0.071709 -1.145725 
0.885564 -1.091521 
-0.562728 -1.111124 
-1.173416 -1.003662 
-1.046949 -0.885482 
-1.582039 0.403472 
-0.695408 -1.149310 
1.620848 0.313783 
0.390876 -0.976206 
-1.570157 -0.128913 
0.591189 -1.144959 
-0.592797 -0.989156 
1.257389 -0.323024 
0.204260 -1.140960 
-0.545507 -0.935600 
0.276518 -1.259976 
-0.163695 -1.266652 
-0.128213 -1.277051 
-1.699507 0.377884 
0.367088 -1.197400 
0.177216 -1.319876 
0.745414 -1.289083 
-1.428297 -0.463476 
-0.249243 -1.388115 
-1.496772 -0.668367 
1.506344 0.043180 
1.759590 -0.115505 
1.163692 -0.738882 
-0.595100 -1.177703 
1.123914 -1.024692 
-1.653198 0.213666 
-1.761234 0.314593 
-0.502002 -1.341709 
-1.932561 0.415956 
1.887235 0.418285 
-1.482772 0.240608 
0.517963 -1.233806 
-1.580422 -0.058797 
-0.919641 -1.124830 
-1.882813 0.026622 
-1.104609 -0.888977 
-1.688466 -0.060052 
1.368067 -0.739846 
1.003006 -0.724293 
-1.838002 0.298716 
-0.901671 -0.950084 
1.836034 0.442805 
0.600224 -1.191880 
0.343062 -1.339013 
1.623432 0.052311 
0.671299 -1.208277 
-0.367782 -1.131906 
-1.656257 0.257510 
0.176964 -1.329092 
-0.854473 -1.027447 
0.633789 -1.289252 
0.040058 -1.275853 
0.687261 -1.235595 
-0.672704 -0.999315 
1.518582 0.378267 
-0.725332 -0.932865 
-1.857392 -0.009551 
1.267899 -0.606542 
-1.051964 -0.968481 
0.412597 -1.181352 
-0.053130 -1.253200 
-0.989650 -1.069274 
-0.019020 -1.057005 
1.145782 -0.930733 
-0.325181 -1.286227 
-1.276477 -0.351898 
0.517625 -1.168330 
1.363424 -0.130854 
-1.111066 -0.976324 
0.947986 -0.924566 
1.345613 -0.441537 
1.114734 -0.673477 
1.268587 -0.807063 
-0.686612 -1.067251 
-0.689317 -1.229511 
1.267709 -0.954369 
-1.147662 -1.032714 
1.375964 -0.110496 
0.020359 -1.353289 
1.229666 -0.445237 
-0.179206 -1.011471 
-0.736940 -1.297199 
1.489567 0.044817 
1.669129 0.482615 
1.270616 -0.750870 
-1.691756 -0.172820 
1.347185 -0.357851 
1.706350 -0.415041 
1.369302 -0.837626 
1.526110 0.021513 
-0.546508 -1.328265 
0.644769 -1.025766 
0.692303 -1.179223 
1.571925 -0.092938 
1.661731 -0.045705 
-0.648031 -1.339090 
-0.171457 -1.345488 
0.861700 -0.727252 
0.704584 -1.276559 
1.778928 0.268510 
0.983846 -0.658866 
1.255173 -0.608801 
-0.747339 -0.972812 
-0.004776 -1.174667 
-1.357779 -0.713672 
1.145352 -1.024888 
1.246313 -0.435875 
0.632688 -0.983893 
-0.057976 -1.276735 
0.492591 -1.194104 
1.498272 0.012159 
0.976800 -0.856116 
0.369310 -1.249284 
-0.917227 -0.708962 
1.216986 -0.428378 
-0.555554 -1.320841 
-1.816694 0.162469 
-0.504440 -1.174635 
1.634653 -0.264018 
1.471226 -0.772302 
-1.482625 -0.706885 
-1.501725 -0.178579 
-1.009655 -0.920050 
0.084053 -1.153383 
-0.865030 -0.819557 
1.605512 -0.405827 
1.518044 -0.145445 
-0.118803 -1.208088 
1.566315 0.394028 
-1.153836 -0.483021 
-0.805128 -0.908273 
-1.538406 0.302815 
1.537523 -0.028013 
-0.599422 -0.945175 
-1.607160 0.365052 
-1.075524 -0.816604 
-0.226385 -1.153880 
-1.344563 -0.159369 
-1.604045 0.066772 
-1.560104 0.049365 
-0.712352 -1.078537 
1.408949 -0.387948 
0.228238 -1.138326 
0.747851 -1.102999 
1.584778 0.217111 
0.389466 -1.280444 
0.034927 -1.216619 
-1.549978 -0.656656 
-1.612290 -0.088106 
1.615059 0.014668 
-1.403758 -0.309128 
1.559942 0.271914 
-1.554622 0.266840 
-1.092555 -1.060634 
-1.070339 -0.886113 
-1.587538 0.285730 
1.876042 0.472554 
1.023854 -1.145470 
-1.527183 -0.459254 
-1.288442 -0.916618 
-0.320363 -1.235545 
-1.246318 -0.501802 
-0.377402 -1.352894 
-1.764552 0.106364 
-0.436318 -1.188514 
-0.857893 -1.116520 
-1.506366 -0.217122 
1.454029 -0.727474 
1.397250 -0.672889 
0.749412 -1.071564 
1.652923 0.275954 
-0.491053 -1.370310 
0.292066 -1.148019 
1.444990 -0.124445 
-1.681953 0.470642 
-1.535414 0.038090 
0.916780 -1.106302 
0.700021 -1.314597 
-1.524977 -0.408337 
-0.966642 -0.998618 
1.226399 -0.660796 
-0.693499 -0.953119 
-1.305651 -0.724566 
-1.426641 -0.692604 
-1.773233 -0.284198 
1.583210 -0.122671 
-1.634888 -0.363980 
-1.467081 -0.124569 
0.104797 -1.083145 
1.724895 -0.269540 
0.268372 -1.397912 
1.637653 0.187190 
-0.373776 -1.326692 
1.029700 -0.657631 
-1.483126 -0.156666 
1.594151 0.435447 
1.852581 0.119855 
1.621611 0.375010 
-1.377778 -0.207628 
-1.503939 -0.317610 
1.646177 -0.409718 
-1.608897 -0.551500 
-0.963633 -0.698405 
-0.764208 -1.038602 
0.140432 -1.278447 
-1.539027 -0.170905 
1.268493 -0.854075 
1.551668 -0.368535 
-1.519722 0.165887 
1.391131 -0.752342 
-1.424397 -0.454347 
-1.860817 0.270749 
-1.192303 -0.589609 
-1.187883 -0.829428 
1.564155 -0.041668 
1.310510 -0.605872 
1.610297 0.054235 
1.784610 0.286775 
1.036872 -0.741817 
-1.734594 0.280307 
-1.706058 0.434753 
1.303467 -0.286634 
-0.469401 -0.988560 
0.459354 -1.169355 
0.127210 -1.274753 
-1.270056 -0.509620 
0.702803 -1.088151 
-1.551051 0.064954 
1.063331 -0.798523 
-1.649240 -0.527260 
0.919231 -0.687714 
-1.670499 -0.500319 
-0.674859 -1.321560 
0.255189 -1.220293 
1.335649 -0.782748 
-0.238449 -1.106474 
-0.696462 -0.855994 
1.620793 -0.007086 
-0.151703 -1.153751 
-0.271518 -1.390828 
-1.880859 0.463282 
0.860439 -1.023346 
-1.269515 -0.833509 
-1.512343 0.462323 
1.776606 -0.030017 
-0.541758 -1.152214 
-0.062999 -1.264581 
1.256893 -0.411252 
-1.548737 0.422712 
1.543445 0.197331 
1.236616 -0.522349 
-0.358869 -1.242476 
-1.204926 -0.417697 
1.720255 -0.068714 
-0.112979 -1.386775 
-1.671222 -0.256077 
0.825581 -0.791979 
0.994170 -0.681271 
1.261484 -0.362527 
1.237655 -0.866092 
1.786537 -0.175520 
1.423822 -0.543089 
1.489167 0.030028 
0.343782 -1.109865 
1.291170 -0.346455 
1.228681 -0.958649 
1.099025 -0.640040 
1.834984 -0.058480 
-0.319916 -1.115433 
-0.359701 -0.987907 
1.068752 -0.911924 
0.462116 -1.268374 
-1.550566 0.265449 
0.233786 -1.019001 
1.529620 -0.168270 
0.190372 -1.219139 
0.533686 -1.294382 
1.447758 -0.707704 
0.975478 -0.909576 
-1.733203 -0.291177 
1.619614 0.144303 
-0.483132 -1.035534 
0.945348 -0.660929 
1.773498 0.015261 
-0.419028 -1.044798 
1.666570 0.316479 
-1.903997 0.386299 
0.050580 -0.996817 
1.022603 -0.743944 
-1.844881 0.251653 
1.237213 -1.001334 
-1.630756 -0.447792 
0.501808 -0.942344 
-1.520411 0.332060 
1.677955 0.024455 
-1.104739 -1.013351 
-0.839597 -1.001652 
-1.482880 -0.040753 
-1.810091 0.426724 
1.526919 -0.582637 
-1.900846 0.423769 
0.896540 -0.794531 
-1.830969 0.389792 
1.148213 -0.608783 
-1.624731 -0.495661 
1.131628 -1.080645 
0.267999 -1.057474 
1.568226 -0.203089 
0.138012 -1.278920 
1.418642 -0.547262 
-1.699314 -0.042972 
1.629615 0.240814 
-1.764346 0.203023 
-1.345084 -0.583137 
-1.409058 -0.489775 
-1.027870 -0.747609 
-1.715879 0.010572 
0.371456 -1.207953 
1.752973 0.173732 
0.453449 -1.252738 
1.690168 -0.184503 
1.495016 0.168291 
1.661049 -0.489951 
-1.655343 -0.477764 
-0.302643 -1.059104 
1.358984 -0.833097 
0.348361 -1.033930 
-1.477469 0.114063 
1.448646 0.110845 
0.791010 -1.165092 
-1.381254 -0.578527 
0.077056 -1.200966 
0.920569 -0.985449 
-1.502081 0.334961 
-1.260823 -0.908129 
0.348366 -1.409609 
0.113954 -1.017777 
-0.788056 -0.955320 
0.021025 -1.012125 
0.832199 -0.759479 
-0.448072 -1.291261 
-1.595438 0.212593 
0.516289 -1.190194 
1.836705 0.062571 
-1.545384 0.140866 
-1.760616 0.305307 
1.243522 -0.439004 
-1.269499 -0.517073 
1.223788 -0.692922 
0.115449 -1.386014 
0.035924 -1.281696 
-1.404621 -0.641971 
-1.361686 -0.497240 
0.118620 -1.138151 
-0.978348 -1.178318 
-0.411525 -1.060907 
-1.618400 -0.027813 
0.808213 -1.147976 
-1.307903 -0.273373 
1.451671 0.072325 
-0.831137 -1.170106 
0.266452 -1.032405 
-1.205780 -0.489851 
-1.534933 -0.070254 
1.730583 0.145977 
-0.802394 -0.941851 
1.758138 0.018619 
-0.901859 -0.864831 
1.856070 -0.093759 
-1.874531 0.098853 
0.265725 -1.272139 
0.934051 -0.806375 
0.575231 -1.113791 
-1.021965 -0.602724 
0.825207 -1.026447 
1.765668 0.452082 
1.644518 0.198236 
0.839647 -1.190477 
0.319814 -1.380100 
1.108167 -0.642644 
0.050995 -1.261183 
0.473196 -1.212006 
-0.829118 -1.225324 
0.954338 -0.920791 
-0.601818 -1.006114 
0.469287 -1.025814 
1.905961 0.336793 
-1.603176 -0.490389 
1.814563 0.152302 
-0.728628 -1.096278 
1.662478 0.448278 
0.650543 -1.137758 
1.306327 -0.827573 
-1.917548 0.475616 
0.392168 -1.265914 
-1.298859 -0.420360 
-1.823426 0.234731 
-1.781629 0.305117 
1.802787 0.087991 
-0.392080 -0.960689 
-0.789030 -0.785653 
1.494891 0.136503 
1.446398 -0.029607 
1.113252 -0.965785 
1.545938 -0.664795 
1.028567 -0.660039 
-0.181679 -1.437619 
-0.306582 -1.258056 
-0.619524 -1.047283 
-1.385160 -0.116715 
0.777342 -0.914956 
1.616014 0.060751 
0.894597 0.479090 
0.836626 0.540135 
1.855159 0.982728 
2.410516 1.021271 
2.643185 0.487639 
1.198874 0.756141 
1.788551 1.019807 
2.118463 0.869920 
2.979587 0.582003 
1.946581 1.028924 
0.473964 0.376703 
2.869189 0.648587 
1.977598 1.106632 
1.027137 0.794693 
0.852283 0.756129 
3.136719 -0.023827 
2.515197 0.874031 
2.479713 0.786713 
3.086994 0.205883 
1.986560 1.177823 
2.647549 0.605225 
1.396442 1.051374 
0.668724 0.514575 
2.877444 0.369971 
0.649580 0.222452 
1.817292 1.116186 
0.509432 0.125016 
2.345090 0.832575 
2.868153 0.685312 
2.259986 0.941650 
2.928790 0.547056 
2.333228 0.908721 
1.923042 0.938077 
3.035266 0.065545 
0.566261 -0.048659 
0.485897 0.190118 
1.262141 0.750204 
3.092696 0.264297 
2.051553 0.997196 
1.850955 0.931083 
2.004750 0.911766 
2.170109 0.964672 
2.542225 0.584040 
0.582833 -0.121728 
2.435599 0.737662 
1.308102 0.922031 
1.327404 0.901214 
1.119955 0.766484 
2.856469 0.537574 
0.607898 0.376139 
3.120380 -0.012310 
2.693397 0.584809 
1.887692 1.063596 
1.045992 0.853774 
1.139584 0.762489 
2.971015 0.140830 
0.361632 -0.103219 
1.344226 0.770053 
2.725293 0.592792 
3.090417 0.030273 
0.494546 -0.206699 
2.569734 0.895766 
3.198546 0.098663 
1.551103 0.862322 
0.441627 0.204300 
2.061124 0.867822 
3.270117 -0.019549 
2.398220 0.793057 
3.042072 -0.212608 
1.190391 0.899367 
1.153477 0.976473 
1.668259 1.095768 
2.985372 -0.263359 
3.078182 0.226759 
1.159093 0.821444 
1.029079 0.612224 
2.595748 0.823317 
3.057481 -0.115330 
3.195585 0.217265 
2.531950 0.861128 
2.891162 0.314307 
1.177320 0.719809 
1.086535 0.714320 
2.323202 0.967391 
1.451486 1.050419 
0.720338 0.719253 
0.544052 -0.276873 
2.284107 0.941645 
2.900151 0.547540 
1.971591 0.935572 
2.760501 0.479452 
0.567747 -0.182083 
2.327784 0.788755 
2.847367 0.484803 
2.625238 0.766920 
0.833669 0.392610 
2.529822 0.610584 
1.873389 1.044998 
3.093446 0.174109 
3.103130 -0.214353 
3.075219 0.253807 
0.795046 0.782152 
1.362534 0.926385 
0.915761 0.528311 
0.505287 -0.270632 
2.975319 0.337889 
2.540857 0.729323 
3.155464 -0.175340 
2.055069 1.040722 
2.213653 1.035379 
0.693523 0.299496 
1.108927 0.892651 
0.727225 0.558718 
0.460450 -0.173207 
0.513915 0.240406 
1.119773 0.885964 
2.934702 0.069973 
0.375157 -0.190716 
3.019415 -0.189829 
1.075583 0.717995 
3.036911 0.133687 
2.584178 0.749855 
2.209361 0.823360 
3.160512 0.020990 
3.100720 -0.274876 
0.587925 -0.219753 
1.596237 0.930857 
0.796207 0.462889 
2.088309 0.985077 
0.656344 0.404706 
0.729797 0.651898 
2.819594 0.618371 
1.523861 0.929849 
0.813438 0.499488 
2.598409 0.751378 
0.681082 0.076383 
1.741385 0.932117 
2.197063 0.936770 
3.091652 0.170022 
3.058301 0.399367 
0.334667 -0.250157 
0.787727 0.519306 
3.056859 -0.241483 
0.737512 0.743334 
2.845647 0.368477 
0.712081 0.399883 
1.234775 0.779705 
0.433919 0.152200 
1.008811 0.889493 
1.113124 0.988766 
1.807664 0.934041 
2.606957 0.898282 
2.556625 0.807275 
2.617147 0.576172 
1.927594 0.879820 
3.003196 -0.085140 
1.522712 1.048314 
2.935967 0.258456 
1.449523 1.127167 
1.912534 1.173718 
3.271144 -0.210341 
2.862336 0.202858 
0.537704 0.094801 
3.111041 -0.085626 
1.100086 0.908320 
2.346189 0.754431 
1.194445 0.800082 
1.042943 0.730840 
2.971048 -0.207461 
1.772537 0.858228 
2.954311 0.431861 
3.039359 0.013921 
2.052041 0.912156 
0.708385 0.499492 
0.767175 0.688618 
2.998329 0.090914 
2.997849 0.527987 
3.070997 -0.259158 
2.528742 0.999000 
1.936058 1.050049 
2.813753 0.748004 
2.817559 0.342899 
0.892366 0.605376 
2.921380 0.132071 
0.981989 0.706900 
2.774819 0.550149 
0.407648 -0.059801 
1.457127 0.999635 
1.022645 0.680360 
0.737806 0.531585 
1.760962 0.925746 
0.599614 -0.048371 
0.409283 0.175610 
0.973530 0.918570 
1.141994 0.755274 
1.279425 0.754724 
2.769092 0.321366 
1.746002 0.975604 
3.068994 -0.139536 
1.764458 0.917922 
1.031616 0.880199 
3.115430 -0.246048 
3.176019 -0.235342 
1.324055 0.805667 
3.145178 0.336244 
0.516094 0.013599 
2.976822 0.549354 
2.949605 0.422259 
1.181048 1.007044 
2.468129 0.743707 
1.610168 1.165783 
2.639357 0.942312 
2.193195 0.911847 
1.254659 0.884392 
2.942258 0.522609 
2.678660 0.645778 
2.433767 0.684205 
2.606005 0.768214 
0.338070 -0.161682 
2.165674 0.940389 
1.454535 1.116077 
0.913601 0.573170 
0.441924 0.216290 
2.843781 0.547739 
1.744254 1.104869 
2.450481 0.713141 
2.016748 1.140571 
2.834063 0.208999 
3.185154 0.227714 
1.799943 1.197661 
0.733537 0.290693 
0.550389 0.091737 
0.589887 0.479238 
1.993170 0.838228 
0.929227 0.778333 
2.688633 0.489903 
0.757883 0.293873 
2.790132 0.457715 
2.887556 0.266205 
1.365490 0.986902 
3.284647 -0.201576 
0.337991 0.033076 
2.907768 0.531928 
2.733823 0.543629 
0.634515 0.605639 
2.307051 0.807841 
2.243251 0.858149 
2.753024 0.774896 
3.164613 -0.003183 
0.660140 0.412315 
1.748008 1.163840 
2.953606 -0.122637 
0.584315 0.513653 
1.917023 1.146829 
0.400588 -0.121080 
1.440175 0.797649 
3.273010 -0.152152 
0.806276 0.776914 
3.075592 -0.040451 
2.995226 -0.295745 
3.011753 0.012675 
1.933260 1.054554 
0.626703 -0.189479 
2.657241 0.877100 
3.011646 0.262782 
0.961862 0.682913 
2.565831 0.702980 
3.116297 -0.015251 
2.965320 0.400596 
2.194840 1.091341 
2.831914 0.477595 
3.007922 0.082629 
3.065949 0.321910 
1.876442 0.905413 
0.389024 0.034471 
2.044635 0.916009 
0.570165 0.474987 
2.578628 0.714580 
1.489524 0.982551 
2.697155 0.804273 
0.981532 0.649299 
2.745696 0.611669 
1.100758 0.915991 
1.843897 0.914440 
1.285585 0.934970 
0.459061 -0.167056 
3.065112 0.454074 
3.023184 0.385574 
0.786707 0.753854 
2.898378 0.266352 
2.033233 1.167509 
2.046356 0.959571 
1.038150 0.835998 
0.735270 0.219011 
3.208077 -0.060415 
0.661399 0.195362 
0.882929 0.507855 
2.988368 0.349554 
1.040192 0.828884 
1.055578 0.752358 
0.392923 -0.115525 
2.489902 0.725421 
3.242184 0.037777 
3.249602 -0.074587 
1.194290 0.737197 
2.211160 0.795498 
1.707319 0.885967 
2.578115 0.649427 
0.512640 0.453528 
0.615986 -0.202915 
1.716576 0.906833 
0.849366 0.531738 
2.927586 0.215691 
0.851535 0.375876 
0.657589 -0.121954 
2.599860 0.821026 
1.610616 0.991231 
1.508324 0.859858 
1.087624 0.900721 
2.299208 0.774788 
1.756737 1.003543 
0.661726 0.178577 
2.033050 0.920484 
0.610342 0.099229 
2.617839 0.748437 
3.006676 0.053150 
2.565319 0.783793 
2.205150 0.785016 
2.707997 0.764080 
0.928034 0.744404 
3.087379 0.320171 
1.668675 1.183235 
0.588198 0.193665 
2.550241 0.946301 
2.908209 0.490332 
2.894515 0.329397 
2.235725 1.076516 
2.109366 0.858433 
1.975354 1.083935 
0.393889 -0.254022 
2.544472 0.680395 
1.390240 0.845066 
0.518119 0.251596 
1.157376 0.810814 
0.461850 -0.163064 
1.875692 1.141179 
0.338580 -0.141718 
2.139423 1.016960 
2.721779 0.447631 
2.890210 0.419140 
0.779982 0.670682 
2.697295 0.638198 
2.751256 0.837500 
1.380623 1.118696 
1.770762 1.121578 
3.047971 -0.030271 
0.629114 -0.262579 
2.986092 0.596040 
2.705182 0.827996 
1.009299 0.790149 
2.921020 0.645935 
0.689912 0.660834 
3.120814 0.008876 
2.929028 0.591030 
2.796836 0.721854 
0.534683 0.178280 
1.504018 0.901565 
3.000089 0.382407 
2.378081 0.936452 
0.928696 0.808340 
0.479498 0.277619 
1.869611 1.111386 
2.280822 0.961432 
0.632449 0.555655 
1.359494 0.970224 
1.156911 0.921820 
3.065031 -0.081688 
1.213865 0.876133 
1.806231 0.954180 
1.663000 1.003200 
1.704607 1.168839 
0.467435 -0.197790 
1.490850 1.005885 
0.422939 0.283435 
1.714090 1.042013 
0.643729 0.615792 
2.953743 0.609035 
0.864634 0.435210 
2.992191 -0.229084 
1.737202 1.067869 
0.330354 -0.018603 
2.714618 0.755032 
2.169914 0.971679 
0.642524 0.173999 
1.732914 1.037826 
2.430283 0.699422 
2.601666 0.755928 
3.035965 0.249653 
2.799268 0.555934 
1.971314 0.921093 
3.096314 0.412606 
0.763954 0.507996 
0.477675 0.403654 
2.845965 0.247366 
2.310074 0.894704 
1.517753 1.142572 
3.014569 -0.191204 
2.818969 0.782511 
1.163352 0.994322 
3.004523 0.478370 
0.624992 0.127774 
1.085791 0.994106 
2.875167 0.695326 
2.278078 1.110568 
3.179808 -0.215322 
0.881116 0.574330 
1.702512 0.918606 
1.633228 1.172526 
2.938198 0.475412 
1.021957 0.666266 
0.348480 0.064971 
2.366223 0.822016 
0.567058 0.525934 
2.144187 0.998266 
0.942681 0.611532 
0.335730 -0.178796 
2.662457 0.733025 
2.557223 0.828895 
2.456293 0.946532 
0.728285 0.171581 
2.290559 0.789496 
3.094101 -0.182706 
2.781836 0.357038 
1.419321 0.935873 
1.772669 1.021794 
2.841276 0.592153 
1.375257 0.822491 
1.289883 0.937670 
2.375900 0.718096 
3.102213 -0.103641 
0.875742 0.607040 
1.819587 0.945843 
1.527712 1.018874 
2.371111 0.997778 
2.360144 0.950712 
0.392790 0.152580 
3.228825 -0.006015 
2.736160 0.527624 
2.148338 0.898448 
1.161934 0.874000 
1.213295 1.044319 
0.907865 0.474330 
0.776526 0.440405 
0.840101 0.687966 
2.848792 0.508145 
3.120419 0.088697 
2.968616 0.184322 
2.109867 1.055217 
1.922559 1.139738 
3.067350 0.167251 
2.796779 0.707683 
2.953735 0.397621 
0.371700 0.048438 
1.990964 0.987024 
1.056950 0.861224 
0.414379 0.268009 
2.748205 0.435442 
2.975703 -0.194134 
3.202423 -0.273979 
0.658234 -0.015991 
2.633614 0.826316 
0.579171 0.198947 
0.847194 0.393142 
2.914859 0.627503 
2.632552 0.833775 
1.746069 1.023116 
3.079411 0.482882 
1.828370 1.099487 
3.205866 -0.096120 
2.464328 0.948676 
0.627249 0.507736 
1.115809 0.904754 
2.373231 1.046793 
0.763373 0.566066 
2.873269 0.310935 
0.627729 -0.299064 
2.536310 0.713823 
1.086626 0.818196 
2.171664 1.140993 
1.649530 0.910037 
3.012516 0.191074 
2.847601 0.724072 
2.918505 0.218716 
2.882437 0.280295 
2.987732 -0.228316 
3.108763 0.198164 
1.833366 1.175833 
3.066507 -0.256314 
3.071702 0.306087 
0.883698 0.399786 
